  1 PROT          7.3735792896E-01
  1 h   2         2.9494907057E-05
  2 he  3         3.1031862860E-05
  2 he  4         2.4921053471E-01
  2 he  3         3.1031862860E-05
  2 he  4         2.4921053471E-01
  3 li  6         3.7473997240E-12
  3 li  7         5.3229698275E-11
  3 li  6         3.7473997240E-12
  3 li  7         5.3229698275E-11
  4 be  9         1.5816453262E-10
  5 b  10         7.3035374232E-10
  5 b  11         3.2337421224E-09
  5 b  10         7.3035374232E-10
  5 b  11         3.2337421224E-09
  6 c  12         2.3367674954E-03
  6 c  13         2.8316671221E-05
  6 c  12         2.3367674954E-03
  6 c  13         2.8316671221E-05
  7 n  14         6.9111035630E-04
  7 n  15         1.6995806639E-06
  7 n  14         6.9111035630E-04
  7 n  15         1.6995806639E-06
  8 o  16         5.7177967747E-03
  8 o  17         2.3079759635E-06
  8 o  18         1.2895721665E-05
  8 o  16         5.7177967747E-03
  8 o  17         2.3079759635E-06
  8 o  18         1.2895721665E-05
  8 o  16         5.7177967747E-03
  8 o  17         2.3079759635E-06
  8 o  18         1.2895721665E-05
  9 f  19         5.0465584594E-07
 10 ne 20         1.1598562715E-03
 10 ne 21         2.9193859055E-06
 10 ne 22         9.3812570481E-05
 10 ne 20         1.1598562715E-03
 10 ne 21         2.9193859055E-06
 10 ne 22         9.3812570481E-05
 10 ne 20         1.1598562715E-03
 10 ne 21         2.9193859055E-06
 10 ne 22         9.3812570481E-05
 11 na 23         2.9228840362E-05
 12 mg 24         5.5181070331E-04
 12 mg 25         7.2769061393E-05
 12 mg 26         8.3323486058E-05
 12 mg 24         5.5181070331E-04
 12 mg 25         7.2769061393E-05
 12 mg 26         8.3323486058E-05
 12 mg 24         5.5181070331E-04
 12 mg 25         7.2769061393E-05
 12 mg 26         8.3323486058E-05
 13 al 27         5.5634523311E-05
 14 si 28         6.1087167954E-04
 14 si 29         3.2126385550E-05
 14 si 30         2.1908224587E-05
 14 si 28         6.1087167954E-04
 14 si 29         3.2126385550E-05
 14 si 30         2.1908224587E-05
 14 si 28         6.1087167954E-04
 14 si 29         3.2126385550E-05
 14 si 30         2.1908224587E-05
 15 p  31         5.8246893909E-06
 16 s  32         2.9270923861E-04
 16 s  33         2.4166318947E-06
 16 s  34         1.4054622335E-05
 16 s  36         6.9376992191E-08
 16 s  32         2.9270923861E-04
 16 s  33         2.4166318947E-06
 16 s  34         1.4054622335E-05
 16 s  36         6.9376992191E-08
 16 s  32         2.9270923861E-04
 16 s  33         2.4166318947E-06
 16 s  34         1.4054622335E-05
 16 s  36         6.9376992191E-08
 16 s  32         2.9270923861E-04
 16 s  33         2.4166318947E-06
 16 s  34         1.4054622335E-05
 16 s  36         6.9376992191E-08
 17 cl 35         6.1307901503E-06
 17 cl 37         2.0714271709E-06
 17 cl 35         6.1307901503E-06
 17 cl 37         2.0714271709E-06
 18 ar 36         6.1575643746E-05
 18 ar 38         1.1817519850E-05
 18 ar 40         1.9895685963E-08
 18 ar 36         6.1575643746E-05
 18 ar 38         1.1817519850E-05
 18 ar 40         1.9895685963E-08
 18 ar 36         6.1575643746E-05
 18 ar 38         1.1817519850E-05
 18 ar 40         1.9895685963E-08
 19 k  39         2.8446214314E-06
 19 k  40         4.6050915372E-09
 19 k  41         2.1581354236E-07
 19 k  39         2.8446214314E-06
 19 k  40         4.6050915372E-09
 19 k  41         2.1581354236E-07
 19 k  39         2.8446214314E-06
 19 k  40         4.6050915372E-09
 19 k  41         2.1581354236E-07
 20 ca 40         6.2006639050E-05
 20 ca 42         4.3453451315E-07
 20 ca 43         9.2826703791E-08
 20 ca 44         1.4677013231E-06
 20 ca 46         2.9423106800E-09
 20 ca 48         1.4353359056E-07
 20 ca 40         6.2006639050E-05
 20 ca 42         4.3453451315E-07
 20 ca 43         9.2826703791E-08
 20 ca 44         1.4677013231E-06
 20 ca 46         2.9423106800E-09
 20 ca 48         1.4353359056E-07
 20 ca 40         6.2006639050E-05
 20 ca 42         4.3453451315E-07
 20 ca 43         9.2826703791E-08
 20 ca 44         1.4677013231E-06
 20 ca 46         2.9423106800E-09
 20 ca 48         1.4353359056E-07
 20 ca 40         6.2006639050E-05
 20 ca 42         4.3453451315E-07
 20 ca 43         9.2826703791E-08
 20 ca 44         1.4677013231E-06
 20 ca 46         2.9423106800E-09
 20 ca 48         1.4353359056E-07
 20 ca 40         6.2006639050E-05
 20 ca 42         4.3453451315E-07
 20 ca 43         9.2826703791E-08
 20 ca 44         1.4677013231E-06
 20 ca 46         2.9423106800E-09
 20 ca 48         1.4353359056E-07
 20 ca 40         6.2006639050E-05
 20 ca 42         4.3453451315E-07
 20 ca 43         9.2826703791E-08
 20 ca 44         1.4677013231E-06
 20 ca 46         2.9423106800E-09
 20 ca 48         1.4353359056E-07
 21 sc 45         4.6458477970E-08
 22 ti 46         2.4718656864E-07
 22 ti 47         2.2776337107E-07
 22 ti 48         2.3048340035E-06
 22 ti 49         1.7266584316E-07
 22 ti 50         1.6869913380E-07
 22 ti 46         2.4718656864E-07
 22 ti 47         2.2776337107E-07
 22 ti 48         2.3048340035E-06
 22 ti 49         1.7266584316E-07
 22 ti 50         1.6869913380E-07
 22 ti 46         2.4718656864E-07
 22 ti 47         2.2776337107E-07
 22 ti 48         2.3048340035E-06
 22 ti 49         1.7266584316E-07
 22 ti 50         1.6869913380E-07
 22 ti 46         2.4718656864E-07
 22 ti 47         2.2776337107E-07
 22 ti 48         2.3048340035E-06
 22 ti 49         1.7266584316E-07
 22 ti 50         1.6869913380E-07
 22 ti 46         2.4718656864E-07
 22 ti 47         2.2776337107E-07
 22 ti 48         2.3048340035E-06
 22 ti 49         1.7266584316E-07
 22 ti 50         1.6869913380E-07
 23 v  50         7.7751922544E-10
 23 v  51         3.1643477437E-07
 23 v  50         7.7751922544E-10
 23 v  51         3.1643477437E-07
 24 cr 50         6.9301552730E-07
 24 cr 52         1.3898679203E-05
 24 cr 53         1.6063063191E-06
 24 cr 54         4.0738786187E-07
 24 cr 50         6.9301552730E-07
 24 cr 52         1.3898679203E-05
 24 cr 53         1.6063063191E-06
 24 cr 54         4.0738786187E-07
 24 cr 50         6.9301552730E-07
 24 cr 52         1.3898679203E-05
 24 cr 53         1.6063063191E-06
 24 cr 54         4.0738786187E-07
 24 cr 50         6.9301552730E-07
 24 cr 52         1.3898679203E-05
 24 cr 53         1.6063063191E-06
 24 cr 54         4.0738786187E-07
 25 mn 55         1.0818103354E-05
 26 fe 54         7.2937672972E-05
 26 fe 56         1.1873716116E-03
 26 fe 57         2.7911259876E-05
 26 fe 58         3.7796425534E-06
 26 fe 54         7.2937672972E-05
 26 fe 56         1.1873716116E-03
 26 fe 57         2.7911259876E-05
 26 fe 58         3.7796425534E-06
 26 fe 54         7.2937672972E-05
 26 fe 56         1.1873716116E-03
 26 fe 57         2.7911259876E-05
 26 fe 58         3.7796425534E-06
 26 fe 54         7.2937672972E-05
 26 fe 56         1.1873716116E-03
 26 fe 57         2.7911259876E-05
 26 fe 58         3.7796425534E-06
 27 co 59         4.2134544630E-06
 28 ni 58         4.7886893896E-05
 28 ni 60         1.9082012892E-05
 28 ni 61         8.4330658606E-07
 28 ni 62         2.7329095994E-06
 28 ni 64         7.1844284396E-07
 28 ni 58         4.7886893896E-05
 28 ni 60         1.9082012892E-05
 28 ni 61         8.4330658606E-07
 28 ni 62         2.7329095994E-06
 28 ni 64         7.1844284396E-07
 28 ni 58         4.7886893896E-05
 28 ni 60         1.9082012892E-05
 28 ni 61         8.4330658606E-07
 28 ni 62         2.7329095994E-06
 28 ni 64         7.1844284396E-07
 28 ni 58         4.7886893896E-05
 28 ni 60         1.9082012892E-05
 28 ni 61         8.4330658606E-07
 28 ni 62         2.7329095994E-06
 28 ni 64         7.1844284396E-07
 28 ni 58         4.7886893896E-05
 28 ni 60         1.9082012892E-05
 28 ni 61         8.4330658606E-07
 28 ni 62         2.7329095994E-06
 28 ni 64         7.1844284396E-07
 29 cu 63         4.9323554941E-07
 29 cu 65         2.2682082544E-07
 29 cu 63         4.9323554941E-07
 29 cu 65         2.2682082544E-07
 30 zn 64         8.2574026380E-07
 30 zn 66         4.8854813186E-07
 30 zn 67         7.2881596515E-08
 30 zn 68         3.3827461069E-07
 30 zn 70         1.1514602434E-08
 30 zn 64         8.2574026380E-07
 30 zn 66         4.8854813186E-07
 30 zn 67         7.2881596515E-08
 30 zn 68         3.3827461069E-07
 30 zn 70         1.1514602434E-08
 30 zn 64         8.2574026380E-07
 30 zn 66         4.8854813186E-07
 30 zn 67         7.2881596515E-08
 30 zn 68         3.3827461069E-07
 30 zn 70         1.1514602434E-08
 30 zn 64         8.2574026380E-07
 30 zn 66         4.8854813186E-07
 30 zn 67         7.2881596515E-08
 30 zn 68         3.3827461069E-07
 30 zn 70         1.1514602434E-08
 30 zn 64         8.2574026380E-07
 30 zn 66         4.8854813186E-07
 30 zn 67         7.2881596515E-08
 30 zn 68         3.3827461069E-07
 30 zn 70         1.1514602434E-08
 31 ga 69         3.3234850704E-08
 31 ga 71         2.2696376272E-08
 31 ga 69         3.3234850704E-08
 31 ga 71         2.2696376272E-08
 32 ge 70         4.7640050727E-08
 32 ge 72         6.4754938159E-08
 32 ge 73         1.8428025929E-08
 32 ge 74         8.7674936241E-08
 32 ge 76         1.8887510103E-08
 32 ge 70         4.7640050727E-08
 32 ge 72         6.4754938159E-08
 32 ge 73         1.8428025929E-08
 32 ge 74         8.7674936241E-08
 32 ge 76         1.8887510103E-08
 32 ge 70         4.7640050727E-08
 32 ge 72         6.4754938159E-08
 32 ge 73         1.8428025929E-08
 32 ge 74         8.7674936241E-08
 32 ge 76         1.8887510103E-08
 32 ge 70         4.7640050727E-08
 32 ge 72         6.4754938159E-08
 32 ge 73         1.8428025929E-08
 32 ge 74         8.7674936241E-08
 32 ge 76         1.8887510103E-08
 32 ge 70         4.7640050727E-08
 32 ge 72         6.4754938159E-08
 32 ge 73         1.8428025929E-08
 32 ge 74         8.7674936241E-08
 32 ge 76         1.8887510103E-08
 36 kr 78         3.6699715889E-10
 36 kr 80         2.4185731451E-09
 36 kr 82         1.2421832226E-08
 36 kr 83         1.2455729682E-08
 36 kr 84         6.2126083861E-08
 36 kr 86         1.9234831119E-08
 36 kr 78         3.6699715889E-10
 36 kr 80         2.4185731451E-09
 36 kr 82         1.2421832226E-08
 36 kr 83         1.2455729682E-08
 36 kr 84         6.2126083861E-08
 36 kr 86         1.9234831119E-08
 36 kr 78         3.6699715889E-10
 36 kr 80         2.4185731451E-09
 36 kr 82         1.2421832226E-08
 36 kr 83         1.2455729682E-08
 36 kr 84         6.2126083861E-08
 36 kr 86         1.9234831119E-08
 36 kr 78         3.6699715889E-10
 36 kr 80         2.4185731451E-09
 36 kr 82         1.2421832226E-08
 36 kr 83         1.2455729682E-08
 36 kr 84         6.2126083861E-08
 36 kr 86         1.9234831119E-08
 36 kr 78         3.6699715889E-10
 36 kr 80         2.4185731451E-09
 36 kr 82         1.2421832226E-08
 36 kr 83         1.2455729682E-08
 36 kr 84         6.2126083861E-08
 36 kr 86         1.9234831119E-08
 36 kr 78         3.6699715889E-10
 36 kr 80         2.4185731451E-09
 36 kr 82         1.2421832226E-08
 36 kr 83         1.2455729682E-08
 36 kr 84         6.2126083861E-08
 36 kr 86         1.9234831119E-08
 37 rb 85         1.4568495073E-08
 37 rb 87         6.1367705488E-09
 37 rb 85         1.4568495073E-08
 37 rb 87         6.1367705488E-09
 38 sr 84         2.5394470118E-10
 38 sr 86         4.5977405471E-09
 38 sr 87         3.2504872991E-09
 38 sr 88         3.9418385286E-08
 38 sr 84         2.5394470118E-10
 38 sr 86         4.5977405471E-09
 38 sr 87         3.2504872991E-09
 38 sr 88         3.9418385286E-08
 38 sr 84         2.5394470118E-10
 38 sr 86         4.5977405471E-09
 38 sr 87         3.2504872991E-09
 38 sr 88         3.9418385286E-08
 38 sr 84         2.5394470118E-10
 38 sr 86         4.5977405471E-09
 38 sr 87         3.2504872991E-09
 38 sr 88         3.9418385286E-08
 39 y  89         1.0548941015E-08
 40 zr 90         1.2866398181E-08
 40 zr 91         2.8370262111E-09
 40 zr 92         4.3841060468E-09
 40 zr 94         4.5394864564E-09
 40 zr 96         7.4689295563E-10
 40 zr 90         1.2866398181E-08
 40 zr 91         2.8370262111E-09
 40 zr 92         4.3841060468E-09
 40 zr 94         4.5394864564E-09
 40 zr 96         7.4689295563E-10
 40 zr 90         1.2866398181E-08
 40 zr 91         2.8370262111E-09
 40 zr 92         4.3841060468E-09
 40 zr 94         4.5394864564E-09
 40 zr 96         7.4689295563E-10
 40 zr 90         1.2866398181E-08
 40 zr 91         2.8370262111E-09
 40 zr 92         4.3841060468E-09
 40 zr 94         4.5394864564E-09
 40 zr 96         7.4689295563E-10
 40 zr 90         1.2866398181E-08
 40 zr 91         2.8370262111E-09
 40 zr 92         4.3841060468E-09
 40 zr 94         4.5394864564E-09
 40 zr 96         7.4689295563E-10
 41 nb 93         1.9603061992E-09
 42 mo 92         7.4073836034E-10
 42 mo 94         4.7682308848E-10
 42 mo 95         8.3403602810E-10
 42 mo 96         8.8719646381E-10
 42 mo 97         5.1612939424E-10
 42 mo 98         1.3250020475E-09
 42 mo100         5.4456436818E-10
 42 mo 92         7.4073836034E-10
 42 mo 94         4.7682308848E-10
 42 mo 95         8.3403602810E-10
 42 mo 96         8.8719646381E-10
 42 mo 97         5.1612939424E-10
 42 mo 98         1.3250020475E-09
 42 mo100         5.4456436818E-10
 42 mo 92         7.4073836034E-10
 42 mo 94         4.7682308848E-10
 42 mo 95         8.3403602810E-10
 42 mo 96         8.8719646381E-10
 42 mo 97         5.1612939424E-10
 42 mo 98         1.3250020475E-09
 42 mo100         5.4456436818E-10
 42 mo 92         7.4073836034E-10
 42 mo 94         4.7682308848E-10
 42 mo 95         8.3403602810E-10
 42 mo 96         8.8719646381E-10
 42 mo 97         5.1612939424E-10
 42 mo 98         1.3250020475E-09
 42 mo100         5.4456436818E-10
 42 mo 92         7.4073836034E-10
 42 mo 94         4.7682308848E-10
 42 mo 95         8.3403602810E-10
 42 mo 96         8.8719646381E-10
 42 mo 97         5.1612939424E-10
 42 mo 98         1.3250020475E-09
 42 mo100         5.4456436818E-10
 42 mo 92         7.4073836034E-10
 42 mo 94         4.7682308848E-10
 42 mo 95         8.3403602810E-10
 42 mo 96         8.8719646381E-10
 42 mo 97         5.1612939424E-10
 42 mo 98         1.3250020475E-09
 42 mo100         5.4456436818E-10
 44 ru 96         2.1861179121E-10
 44 ru 98         7.5328664366E-11
 44 ru 99         5.1925232988E-10
 44 ru100         5.1792053422E-10
 44 ru101         7.0826044103E-10
 44 ru102         1.3227937073E-09
 44 ru104         7.9598631437E-10
 44 ru 96         2.1861179121E-10
 44 ru 98         7.5328664366E-11
 44 ru 99         5.1925232988E-10
 44 ru100         5.1792053422E-10
 44 ru101         7.0826044103E-10
 44 ru102         1.3227937073E-09
 44 ru104         7.9598631437E-10
 44 ru 96         2.1861179121E-10
 44 ru 98         7.5328664366E-11
 44 ru 99         5.1925232988E-10
 44 ru100         5.1792053422E-10
 44 ru101         7.0826044103E-10
 44 ru102         1.3227937073E-09
 44 ru104         7.9598631437E-10
 74 w 180         1.1184389362E-12
 74 w 182         2.4973291617E-10
 74 w 183         1.3559674053E-10
 74 w 184         2.9192084708E-10
 74 w 186         2.7380938545E-10
 74 w 180         1.1184389362E-12
 74 w 182         2.4973291617E-10
 74 w 183         1.3559674053E-10
 74 w 184         2.9192084708E-10
 74 w 186         2.7380938545E-10
 74 w 180         1.1184389362E-12
 74 w 182         2.4973291617E-10
 74 w 183         1.3559674053E-10
 74 w 184         2.9192084708E-10
 74 w 186         2.7380938545E-10
 74 w 180         1.1184389362E-12
 74 w 182         2.4973291617E-10
 74 w 183         1.3559674053E-10
 74 w 184         2.9192084708E-10
 74 w 186         2.7380938545E-10
 74 w 180         1.1184389362E-12
 74 w 182         2.4973291617E-10
 74 w 183         1.3559674053E-10
 74 w 184         2.9192084708E-10
 74 w 186         2.7380938545E-10
