-2.00 3.475163e-07
-2.00 3.640846e-07
-1.99 3.814117e-07
-1.99 3.995310e-07
-1.99 4.184774e-07
-1.98 4.382874e-07
-1.98 4.589988e-07
-1.98 4.806512e-07
-1.98 5.032860e-07
-1.97 5.269461e-07
-1.97 5.516765e-07
-1.97 5.775240e-07
-1.96 6.045373e-07
-1.96 6.327673e-07
-1.96 6.622673e-07
-1.95 6.930924e-07
-1.95 7.253004e-07
-1.95 7.589515e-07
-1.95 7.941085e-07
-1.94 8.308369e-07
-1.94 8.692048e-07
-1.94 9.092835e-07
-1.93 9.511473e-07
-1.93 9.948736e-07
-1.93 1.040543e-06
-1.92 1.088240e-06
-1.92 1.138053e-06
-1.92 1.190072e-06
-1.92 1.244394e-06
-1.91 1.301119e-06
-1.91 1.360350e-06
-1.91 1.422195e-06
-1.90 1.486769e-06
-1.90 1.554189e-06
-1.90 1.624579e-06
-1.89 1.698067e-06
-1.89 1.774787e-06
-1.89 1.854879e-06
-1.89 1.938490e-06
-1.88 2.025771e-06
-1.88 2.116883e-06
-1.88 2.211990e-06
-1.87 2.311267e-06
-1.87 2.414895e-06
-1.87 2.523061e-06
-1.86 2.635964e-06
-1.86 2.753809e-06
-1.86 2.876812e-06
-1.86 3.005196e-06
-1.85 3.139195e-06
-1.85 3.279055e-06
-1.85 3.425032e-06
-1.84 3.577391e-06
-1.84 3.736411e-06
-1.84 3.902384e-06
-1.83 4.075613e-06
-1.83 4.256417e-06
-1.83 4.445126e-06
-1.83 4.642088e-06
-1.82 4.847665e-06
-1.82 5.062234e-06
-1.82 5.286191e-06
-1.81 5.519949e-06
-1.81 5.763940e-06
-1.81 6.018615e-06
-1.80 6.284445e-06
-1.80 6.561922e-06
-1.80 6.851563e-06
-1.80 7.153904e-06
-1.79 7.469509e-06
-1.79 7.798966e-06
-1.79 8.142889e-06
-1.78 8.501921e-06
-1.78 8.876735e-06
-1.78 9.268031e-06
-1.77 9.676546e-06
-1.77 1.010305e-05
-1.77 1.054834e-05
-1.77 1.101325e-05
-1.76 1.149868e-05
-1.76 1.200552e-05
-1.76 1.253475e-05
-1.75 1.308737e-05
-1.75 1.366443e-05
-1.75 1.426702e-05
-1.74 1.489629e-05
-1.74 1.555344e-05
-1.74 1.623973e-05
-1.74 1.695647e-05
-1.73 1.770503e-05
-1.73 1.848686e-05
-1.73 1.930343e-05
-1.72 2.015634e-05
-1.72 2.104722e-05
-1.72 2.197778e-05
-1.71 2.294982e-05
-1.71 2.396522e-05
-1.71 2.502594e-05
-1.71 2.613403e-05
-1.70 2.729163e-05
-1.70 2.850099e-05
-1.70 2.976445e-05
-1.69 3.108446e-05
-1.69 3.246359e-05
-1.69 3.390451e-05
-1.68 3.541003e-05
-1.68 3.698306e-05
-1.68 3.862667e-05
-1.68 4.034405e-05
-1.67 4.213855e-05
-1.67 4.401365e-05
-1.67 4.597300e-05
-1.66 4.802041e-05
-1.66 5.015987e-05
-1.66 5.239552e-05
-1.65 5.473172e-05
-1.65 5.717300e-05
-1.65 5.972410e-05
-1.65 6.238997e-05
-1.64 6.517577e-05
-1.64 6.808691e-05
-1.64 7.112901e-05
-1.63 7.430796e-05
-1.63 7.762989e-05
-1.63 8.110120e-05
-1.62 8.472859e-05
-1.62 8.851903e-05
-1.62 9.247979e-05
-1.62 9.661847e-05
-1.61 1.009430e-04
-1.61 1.054616e-04
-1.61 1.101829e-04
-1.60 1.151159e-04
-1.60 1.202700e-04
-1.60 1.256549e-04
-1.59 1.312807e-04
-1.59 1.371582e-04
-1.59 1.432983e-04
-1.59 1.497125e-04
-1.58 1.564129e-04
-1.58 1.634119e-04
-1.58 1.707226e-04
-1.57 1.783584e-04
-1.57 1.863335e-04
-1.57 1.946625e-04
-1.56 2.033608e-04
-1.56 2.124442e-04
-1.56 2.219292e-04
-1.56 2.318331e-04
-1.55 2.421738e-04
-1.55 2.529698e-04
-1.55 2.642405e-04
-1.54 2.760060e-04
-1.54 2.882873e-04
-1.54 3.011060e-04
-1.53 3.144847e-04
-1.53 3.284469e-04
-1.53 3.430170e-04
-1.53 3.582201e-04
-1.52 3.740826e-04
-1.52 3.906318e-04
-1.52 4.078959e-04
-1.51 4.259042e-04
-1.51 4.446874e-04
-1.51 4.642769e-04
-1.50 4.847055e-04
-1.50 5.060072e-04
-1.50 5.282172e-04
-1.50 5.513720e-04
-1.49 5.755096e-04
-1.49 6.006689e-04
-1.49 6.268908e-04
-1.48 6.542171e-04
-1.48 6.826915e-04
-1.48 7.123590e-04
-1.47 7.432663e-04
-1.47 7.754616e-04
-1.47 8.089949e-04
-1.47 8.439178e-04
-1.46 8.802837e-04
-1.46 9.181479e-04
-1.46 9.575674e-04
-1.45 9.986012e-04
-1.45 1.041310e-03
-1.45 1.085757e-03
-1.44 1.132008e-03
-1.44 1.180129e-03
-1.44 1.230189e-03
-1.44 1.282260e-03
-1.43 1.336416e-03
-1.43 1.392733e-03
-1.43 1.451290e-03
-1.42 1.512167e-03
-1.42 1.575447e-03
-1.42 1.641217e-03
-1.41 1.709565e-03
-1.41 1.780582e-03
-1.41 1.854362e-03
-1.41 1.931002e-03
-1.40 2.010601e-03
-1.40 2.093262e-03
-1.40 2.179090e-03
-1.39 2.268193e-03
-1.39 2.360683e-03
-1.39 2.456674e-03
-1.38 2.556283e-03
-1.38 2.659631e-03
-1.38 2.766844e-03
-1.38 2.878047e-03
-1.37 2.993371e-03
-1.37 3.112952e-03
-1.37 3.236926e-03
-1.36 3.365436e-03
-1.36 3.498625e-03
-1.36 3.636642e-03
-1.35 3.779639e-03
-1.35 3.927773e-03
-1.35 4.081203e-03
-1.35 4.240091e-03
-1.34 4.404607e-03
-1.34 4.574920e-03
-1.34 4.751206e-03
-1.33 4.933645e-03
-1.33 5.122418e-03
-1.33 5.317714e-03
-1.32 5.519724e-03
-1.32 5.728642e-03
-1.32 5.944669e-03
-1.32 6.168008e-03
-1.31 6.398866e-03
-1.31 6.637456e-03
-1.31 6.883994e-03
-1.30 7.138700e-03
-1.30 7.401799e-03
-1.30 7.673518e-03
-1.29 7.954092e-03
-1.29 8.243757e-03
-1.29 8.542755e-03
-1.29 8.851331e-03
-1.28 9.169734e-03
-1.28 9.498219e-03
-1.28 9.837043e-03
-1.27 1.018647e-02
-1.27 1.054676e-02
-1.27 1.091819e-02
-1.26 1.130103e-02
-1.26 1.169556e-02
-1.26 1.210206e-02
-1.26 1.252081e-02
-1.25 1.295211e-02
-1.25 1.339625e-02
-1.25 1.385352e-02
-1.24 1.432423e-02
-1.24 1.480867e-02
-1.24 1.530715e-02
-1.23 1.581999e-02
-1.23 1.634749e-02
-1.23 1.688997e-02
-1.23 1.744775e-02
-1.22 1.802115e-02
-1.22 1.861049e-02
-1.22 1.921611e-02
-1.21 1.983832e-02
-1.21 2.047745e-02
-1.21 2.113384e-02
-1.20 2.180783e-02
-1.20 2.249975e-02
-1.20 2.320992e-02
-1.20 2.393870e-02
-1.19 2.468642e-02
-1.19 2.545342e-02
-1.19 2.624004e-02
-1.18 2.704661e-02
-1.18 2.787349e-02
-1.18 2.872100e-02
-1.17 2.958949e-02
-1.17 3.047929e-02
-1.17 3.139075e-02
-1.17 3.232420e-02
-1.16 3.327997e-02
-1.16 3.425840e-02
-1.16 3.525981e-02
-1.15 3.628454e-02
-1.15 3.733291e-02
-1.15 3.840524e-02
-1.14 3.950185e-02
-1.14 4.062305e-02
-1.14 4.176917e-02
-1.14 4.294049e-02
-1.13 4.413732e-02
-1.13 4.535997e-02
-1.13 4.660872e-02
-1.12 4.788385e-02
-1.12 4.918564e-02
-1.12 5.051437e-02
-1.11 5.187030e-02
-1.11 5.325369e-02
-1.11 5.466479e-02
-1.11 5.610383e-02
-1.10 5.757106e-02
-1.10 5.906669e-02
-1.10 6.059095e-02
-1.09 6.214403e-02
-1.09 6.372612e-02
-1.09 6.533743e-02
-1.08 6.697810e-02
-1.08 6.864832e-02
-1.08 7.034822e-02
-1.08 7.207795e-02
-1.07 7.383763e-02
-1.07 7.562737e-02
-1.07 7.744727e-02
-1.06 7.929741e-02
-1.06 8.117786e-02
-1.06 8.308869e-02
-1.05 8.502993e-02
-1.05 8.700160e-02
-1.05 8.900372e-02
-1.05 9.103627e-02
-1.04 9.309924e-02
-1.04 9.519258e-02
-1.04 9.731624e-02
-1.03 9.947014e-02
-1.03 1.016542e-01
-1.03 1.038683e-01
-1.02 1.061123e-01
-1.02 1.083860e-01
-1.02 1.106894e-01
-1.02 1.130221e-01
-1.01 1.153840e-01
-1.01 1.177749e-01
-1.01 1.201946e-01
-1.00 1.226426e-01
-1.00 1.251189e-01
-1.00 1.276230e-01
-0.99 1.301546e-01
-0.99 1.327134e-01
-0.99 1.352990e-01
-0.98 1.379109e-01
-0.98 1.405489e-01
-0.98 1.432124e-01
-0.98 1.459010e-01
-0.97 1.486142e-01
-0.97 1.513516e-01
-0.97 1.541124e-01
-0.96 1.568963e-01
-0.96 1.597027e-01
-0.96 1.625309e-01
-0.95 1.653804e-01
-0.95 1.682505e-01
-0.95 1.711405e-01
-0.95 1.740498e-01
-0.94 1.769777e-01
-0.94 1.799234e-01
-0.94 1.828862e-01
-0.93 1.858654e-01
-0.93 1.888601e-01
-0.93 1.918696e-01
-0.92 1.948930e-01
-0.92 1.979295e-01
-0.92 2.009782e-01
-0.92 2.040382e-01
-0.91 2.071087e-01
-0.91 2.101887e-01
-0.91 2.132772e-01
-0.90 2.163734e-01
-0.90 2.194762e-01
-0.90 2.225847e-01
-0.89 2.256978e-01
-0.89 2.288146e-01
-0.89 2.319340e-01
-0.89 2.350550e-01
-0.88 2.381764e-01
-0.88 2.412973e-01
-0.88 2.444165e-01
-0.87 2.475330e-01
-0.87 2.506456e-01
-0.87 2.537532e-01
-0.86 2.568548e-01
-0.86 2.599491e-01
-0.86 2.630351e-01
-0.86 2.661115e-01
-0.85 2.691773e-01
-0.85 2.722313e-01
-0.85 2.752723e-01
-0.84 2.782992e-01
-0.84 2.813108e-01
-0.84 2.843059e-01
-0.83 2.872835e-01
-0.83 2.902422e-01
-0.83 2.931810e-01
-0.83 2.960988e-01
-0.82 2.989943e-01
-0.82 3.018664e-01
-0.82 3.047140e-01
-0.81 3.075359e-01
-0.81 3.103311e-01
-0.81 3.130984e-01
-0.80 3.158368e-01
-0.80 3.185451e-01
-0.80 3.212222e-01
-0.80 3.238672e-01
-0.79 3.264790e-01
-0.79 3.290564e-01
-0.79 3.315987e-01
-0.78 3.341046e-01
-0.78 3.365734e-01
-0.78 3.390040e-01
-0.77 3.413955e-01
-0.77 3.437471e-01
-0.77 3.460578e-01
-0.77 3.483267e-01
-0.76 3.505532e-01
-0.76 3.527364e-01
-0.76 3.548754e-01
-0.75 3.569697e-01
-0.75 3.590185e-01
-0.75 3.610211e-01
-0.74 3.629770e-01
-0.74 3.648854e-01
-0.74 3.667459e-01
-0.74 3.685579e-01
-0.73 3.703210e-01
-0.73 3.720346e-01
-0.73 3.736985e-01
-0.72 3.753122e-01
-0.72 3.768753e-01
-0.72 3.783878e-01
-0.71 3.798492e-01
-0.71 3.812594e-01
-0.71 3.826182e-01
-0.71 3.839257e-01
-0.70 3.851816e-01
-0.70 3.863860e-01
-0.70 3.875390e-01
-0.69 3.886407e-01
-0.69 3.896911e-01
-0.69 3.906904e-01
-0.68 3.916390e-01
-0.68 3.925371e-01
-0.68 3.933851e-01
-0.68 3.941833e-01
-0.67 3.949322e-01
-0.67 3.956323e-01
-0.67 3.962841e-01
-0.66 3.968883e-01
-0.66 3.974455e-01
-0.66 3.979565e-01
-0.65 3.984220e-01
-0.65 3.988428e-01
-0.65 3.992197e-01
-0.65 3.995538e-01
-0.64 3.998460e-01
-0.64 4.000973e-01
-0.64 4.003088e-01
-0.63 4.004817e-01
-0.63 4.006171e-01
-0.63 4.007162e-01
-0.62 4.007805e-01
-0.62 4.008111e-01
-0.62 4.008095e-01
-0.62 4.007771e-01
-0.61 4.007154e-01
-0.61 4.006259e-01
-0.61 4.005103e-01
-0.60 4.003701e-01
-0.60 4.002069e-01
-0.60 4.000226e-01
-0.59 3.998189e-01
-0.59 3.995975e-01
-0.59 3.993603e-01
-0.59 3.991091e-01
-0.58 3.988459e-01
-0.58 3.985726e-01
-0.58 3.982911e-01
-0.57 3.980036e-01
-0.57 3.977119e-01
-0.57 3.974183e-01
-0.56 3.971247e-01
-0.56 3.968333e-01
-0.56 3.965462e-01
-0.56 3.962657e-01
-0.55 3.959938e-01
-0.55 3.957328e-01
-0.55 3.954849e-01
-0.54 3.952522e-01
-0.54 3.950372e-01
-0.54 3.948419e-01
-0.53 3.946686e-01
-0.53 3.945196e-01
-0.53 3.943972e-01
-0.53 3.943035e-01
-0.52 3.942409e-01
-0.52 3.942116e-01
-0.52 3.942178e-01
-0.51 3.942616e-01
-0.51 3.943454e-01
-0.51 3.944714e-01
-0.50 3.946415e-01
-0.50 3.948581e-01
-0.50 3.951232e-01
-0.50 3.954390e-01
-0.49 3.958073e-01
-0.49 3.962304e-01
-0.49 3.967101e-01
-0.48 3.972485e-01
-0.48 3.978473e-01
-0.48 3.985085e-01
-0.47 3.992338e-01
-0.47 4.000251e-01
-0.47 4.008839e-01
-0.47 4.018120e-01
-0.46 4.028109e-01
-0.46 4.038821e-01
-0.46 4.050271e-01
-0.45 4.062472e-01
-0.45 4.075438e-01
-0.45 4.089181e-01
-0.44 4.103713e-01
-0.44 4.119043e-01
-0.44 4.135183e-01
-0.44 4.152140e-01
-0.43 4.169925e-01
-0.43 4.188543e-01
-0.43 4.208001e-01
-0.42 4.228304e-01
-0.42 4.249458e-01
-0.42 4.271466e-01
-0.41 4.294330e-01
-0.41 4.318051e-01
-0.41 4.342631e-01
-0.41 4.368069e-01
-0.40 4.394362e-01
-0.40 4.421509e-01
-0.40 4.449506e-01
-0.39 4.478347e-01
-0.39 4.508027e-01
-0.39 4.538539e-01
-0.38 4.569874e-01
-0.38 4.602023e-01
-0.38 4.634976e-01
-0.38 4.668721e-01
-0.37 4.703245e-01
-0.37 4.738534e-01
-0.37 4.774573e-01
-0.36 4.811346e-01
-0.36 4.848836e-01
-0.36 4.887024e-01
-0.35 4.925891e-01
-0.35 4.965416e-01
-0.35 5.005577e-01
-0.35 5.046351e-01
-0.34 5.087715e-01
-0.34 5.129644e-01
-0.34 5.172111e-01
-0.33 5.215089e-01
-0.33 5.258552e-01
-0.33 5.302469e-01
-0.32 5.346811e-01
-0.32 5.391547e-01
-0.32 5.436645e-01
-0.32 5.482074e-01
-0.31 5.527799e-01
-0.31 5.573786e-01
-0.31 5.620002e-01
-0.30 5.666409e-01
-0.30 5.712972e-01
-0.30 5.759655e-01
-0.29 5.806419e-01
-0.29 5.853227e-01
-0.29 5.900040e-01
-0.29 5.946820e-01
-0.28 5.993526e-01
-0.28 6.040121e-01
-0.28 6.086562e-01
-0.27 6.132812e-01
-0.27 6.178828e-01
-0.27 6.224571e-01
-0.26 6.270000e-01
-0.26 6.315074e-01
-0.26 6.359753e-01
-0.26 6.403997e-01
-0.25 6.447765e-01
-0.25 6.491017e-01
-0.25 6.533713e-01
-0.24 6.575815e-01
-0.24 6.617282e-01
-0.24 6.658077e-01
-0.23 6.698161e-01
-0.23 6.737498e-01
-0.23 6.776049e-01
-0.23 6.813780e-01
-0.22 6.850656e-01
-0.22 6.886641e-01
-0.22 6.921702e-01
-0.21 6.955808e-01
-0.21 6.988926e-01
-0.21 7.021026e-01
-0.20 7.052080e-01
-0.20 7.082059e-01
-0.20 7.110937e-01
-0.20 7.138689e-01
-0.19 7.165291e-01
-0.19 7.190721e-01
-0.19 7.214958e-01
-0.18 7.237983e-01
-0.18 7.259778e-01
-0.18 7.280329e-01
-0.17 7.299621e-01
-0.17 7.317641e-01
-0.17 7.334381e-01
-0.17 7.349830e-01
-0.16 7.363984e-01
-0.16 7.376837e-01
-0.16 7.388387e-01
-0.15 7.398634e-01
-0.15 7.407581e-01
-0.15 7.415230e-01
-0.14 7.421589e-01
-0.14 7.426666e-01
-0.14 7.430471e-01
-0.14 7.433018e-01
-0.13 7.434322e-01
-0.13 7.434401e-01
-0.13 7.433274e-01
-0.12 7.430965e-01
-0.12 7.427498e-01
-0.12 7.422899e-01
-0.11 7.417199e-01
-0.11 7.410430e-01
-0.11 7.402625e-01
-0.11 7.393821e-01
-0.10 7.384058e-01
-0.10 7.373376e-01
-0.10 7.361820e-01
-0.09 7.349434e-01
-0.09 7.336268e-01
-0.09 7.322372e-01
-0.08 7.307799e-01
-0.08 7.292603e-01
-0.08 7.276842e-01
-0.08 7.260574e-01
-0.07 7.243862e-01
-0.07 7.226767e-01
-0.07 7.209355e-01
-0.06 7.191693e-01
-0.06 7.173850e-01
-0.06 7.155895e-01
-0.05 7.137902e-01
-0.05 7.119944e-01
-0.05 7.102096e-01
-0.05 7.084435e-01
-0.04 7.067037e-01
-0.04 7.049984e-01
-0.04 7.033354e-01
-0.03 7.017228e-01
-0.03 7.001690e-01
-0.03 6.986821e-01
-0.02 6.972705e-01
-0.02 6.959425e-01
-0.02 6.947068e-01
-0.02 6.935715e-01
-0.01 6.925454e-01
-0.01 6.916368e-01
-0.01 6.908542e-01
-0.00 6.902060e-01
0.00 6.897006e-01
0.00 6.893463e-01
0.01 6.891514e-01
0.01 6.891241e-01
0.01 6.892723e-01
0.02 6.896040e-01
0.02 6.901271e-01
0.02 6.908490e-01
0.02 6.917773e-01
0.03 6.929193e-01
0.03 6.942820e-01
0.03 6.958721e-01
0.04 6.976965e-01
0.04 6.997612e-01
0.04 7.020724e-01
0.05 7.046359e-01
0.05 7.074571e-01
0.05 7.105411e-01
0.05 7.138926e-01
0.06 7.175161e-01
0.06 7.214156e-01
0.06 7.255947e-01
0.07 7.300566e-01
0.07 7.348041e-01
0.07 7.398396e-01
0.08 7.451649e-01
0.08 7.507814e-01
0.08 7.566900e-01
0.08 7.628912e-01
0.09 7.693849e-01
0.09 7.761703e-01
0.09 7.832464e-01
0.10 7.906114e-01
0.10 7.982630e-01
0.10 8.061984e-01
0.11 8.144142e-01
0.11 8.229063e-01
0.11 8.316701e-01
0.11 8.407005e-01
0.12 8.499915e-01
0.12 8.595369e-01
0.12 8.693296e-01
0.13 8.793619e-01
0.13 8.896256e-01
0.13 9.001118e-01
0.14 9.108112e-01
0.14 9.217137e-01
0.14 9.328086e-01
0.14 9.440847e-01
0.15 9.555302e-01
0.15 9.671327e-01
0.15 9.788793e-01
0.16 9.907565e-01
0.16 1.002750e+00
0.16 1.014846e+00
0.17 1.027029e+00
0.17 1.039284e+00
0.17 1.051594e+00
0.17 1.063943e+00
0.18 1.076315e+00
0.18 1.088692e+00
0.18 1.101057e+00
0.19 1.113391e+00
0.19 1.125678e+00
0.19 1.137897e+00
0.20 1.150031e+00
0.20 1.162061e+00
0.20 1.173967e+00
0.20 1.185731e+00
0.21 1.197333e+00
0.21 1.208753e+00
0.21 1.219973e+00
0.22 1.230972e+00
0.22 1.241732e+00
0.22 1.252234e+00
0.23 1.262457e+00
0.23 1.272384e+00
0.23 1.281995e+00
0.23 1.291273e+00
0.24 1.300198e+00
0.24 1.308754e+00
0.24 1.316922e+00
0.25 1.324685e+00
0.25 1.332028e+00
0.25 1.338934e+00
0.26 1.345387e+00
0.26 1.351373e+00
0.26 1.356877e+00
0.26 1.361885e+00
0.27 1.366385e+00
0.27 1.370364e+00
0.27 1.373811e+00
0.28 1.376715e+00
0.28 1.379066e+00
0.28 1.380855e+00
0.29 1.382074e+00
0.29 1.382716e+00
0.29 1.382773e+00
0.29 1.382241e+00
0.30 1.381115e+00
0.30 1.379392e+00
0.30 1.377068e+00
0.31 1.374142e+00
0.31 1.370614e+00
0.31 1.366483e+00
0.32 1.361752e+00
0.32 1.356422e+00
0.32 1.350497e+00
0.32 1.343980e+00
0.33 1.336878e+00
0.33 1.329196e+00
0.33 1.320942e+00
0.34 1.312123e+00
0.34 1.302749e+00
0.34 1.292829e+00
0.35 1.282374e+00
0.35 1.271396e+00
0.35 1.259907e+00
0.35 1.247921e+00
0.36 1.235450e+00
0.36 1.222510e+00
0.36 1.209116e+00
0.37 1.195284e+00
0.37 1.181031e+00
0.37 1.166373e+00
0.38 1.151328e+00
0.38 1.135915e+00
0.38 1.120151e+00
0.38 1.104056e+00
0.39 1.087649e+00
0.39 1.070950e+00
0.39 1.053978e+00
0.40 1.036753e+00
0.40 1.019296e+00
0.40 1.001626e+00
0.41 9.837654e-01
0.41 9.657328e-01
0.41 9.475493e-01
0.41 9.292351e-01
0.42 9.108104e-01
0.42 8.922953e-01
0.42 8.737097e-01
0.43 8.550731e-01
0.43 8.364051e-01
0.43 8.177246e-01
0.44 7.990505e-01
0.44 7.804010e-01
0.44 7.617943e-01
0.44 7.432477e-01
0.45 7.247785e-01
0.45 7.064031e-01
0.45 6.881376e-01
0.46 6.699976e-01
0.46 6.519981e-01
0.46 6.341534e-01
0.47 6.164774e-01
0.47 5.989833e-01
0.47 5.816836e-01
0.47 5.645903e-01
0.48 5.477148e-01
0.48 5.310676e-01
0.48 5.146589e-01
0.49 4.984979e-01
0.49 4.825934e-01
0.49 4.669535e-01
0.50 4.515855e-01
0.50 4.364961e-01
0.50 4.216916e-01
0.50 4.071774e-01
0.51 3.929584e-01
0.51 3.790387e-01
0.51 3.654221e-01
0.52 3.521116e-01
0.52 3.391096e-01
0.52 3.264181e-01
0.53 3.140384e-01
0.53 3.019714e-01
0.53 2.902175e-01
0.53 2.787763e-01
0.54 2.676474e-01
0.54 2.568296e-01
0.54 2.463213e-01
0.55 2.361207e-01
0.55 2.262255e-01
0.55 2.166328e-01
0.56 2.073397e-01
0.56 1.983427e-01
0.56 1.896383e-01
0.56 1.812223e-01
0.57 1.730905e-01
0.57 1.652385e-01
0.57 1.576615e-01
0.58 1.503546e-01
0.58 1.433127e-01
0.58 1.365304e-01
0.59 1.300024e-01
0.59 1.237231e-01
0.59 1.176868e-01
0.59 1.118877e-01
0.60 1.063200e-01
0.60 1.009777e-01
0.60 9.585499e-02
0.61 9.094576e-02
0.61 8.624402e-02
0.61 8.174375e-02
0.62 7.743893e-02
0.62 7.332358e-02
0.62 6.939172e-02
0.62 6.563743e-02
0.63 6.205484e-02
0.63 5.863813e-02
0.63 5.538157e-02
0.64 5.227949e-02
0.64 4.932629e-02
0.64 4.651650e-02
0.65 4.384470e-02
0.65 4.130562e-02
0.65 3.889406e-02
0.65 3.660495e-02
0.66 3.443332e-02
0.66 3.237433e-02
0.66 3.042328e-02
0.67 2.857554e-02
0.67 2.682666e-02
0.67 2.517229e-02
0.68 2.360820e-02
0.68 2.213031e-02
0.68 2.073465e-02
0.68 1.941740e-02
0.69 1.817483e-02
0.69 1.700338e-02
0.69 1.589959e-02
0.70 1.486013e-02
0.70 1.388179e-02
0.70 1.296149e-02
0.71 1.209627e-02
0.71 1.128326e-02
0.71 1.051975e-02
0.71 9.803102e-03
0.72 9.130817e-03
0.72 8.500489e-03
0.72 7.909819e-03
0.73 7.356613e-03
0.73 6.838773e-03
0.73 6.354300e-03
0.74 5.901286e-03
0.74 5.477917e-03
0.74 5.082463e-03
0.74 4.713281e-03
0.75 4.368808e-03
0.75 4.047562e-03
0.75 3.748134e-03
0.76 3.469191e-03
0.76 3.209467e-03
0.76 2.967766e-03
0.77 2.742954e-03
0.77 2.533961e-03
0.77 2.339776e-03
0.77 2.159442e-03
0.78 1.992059e-03
0.78 1.836778e-03
0.78 1.692797e-03
0.79 1.559363e-03
0.79 1.435768e-03
0.79 1.321345e-03
0.80 1.215467e-03
0.80 1.117546e-03
0.80 1.027031e-03
0.80 9.434033e-04
0.81 8.661791e-04
0.81 7.949039e-04
0.81 7.291528e-04
0.82 6.685281e-04
0.82 6.126584e-04
0.82 5.611965e-04
0.83 5.138186e-04
0.83 4.702223e-04
0.83 4.301259e-04
0.83 3.932667e-04
0.84 3.594003e-04
0.84 3.282991e-04
0.84 2.997515e-04
0.85 2.735607e-04
0.85 2.495440e-04
0.85 2.275319e-04
0.86 2.073668e-04
0.86 1.889029e-04
0.86 1.720050e-04
0.86 1.565476e-04
0.87 1.424150e-04
0.87 1.294998e-04
0.87 1.177030e-04
0.88 1.069328e-04
0.88 9.710465e-05
0.88 8.814050e-05
0.89 7.996831e-05
0.89 7.252168e-05
0.89 6.573943e-05
0.89 5.956522e-05
0.90 5.394721e-05
0.90 4.883773e-05
0.90 4.419293e-05
0.91 3.997255e-05
0.91 3.613961e-05
0.91 3.266017e-05
0.92 2.950310e-05
0.92 2.663987e-05
0.92 2.404434e-05
0.92 2.169256e-05
0.93 1.956262e-05
0.93 1.763450e-05
0.93 1.588985e-05
0.94 1.431194e-05
0.94 1.288549e-05
0.94 1.159653e-05
0.95 1.043234e-05
0.95 9.381316e-06
0.95 8.432872e-06
0.95 7.577378e-06
0.96 6.806065e-06
0.96 6.110953e-06
0.96 5.484786e-06
0.97 4.920970e-06
0.97 4.413514e-06
0.97 3.956978e-06
0.98 3.546427e-06
0.98 3.177382e-06
0.98 2.845786e-06
0.98 2.547960e-06
0.99 2.280575e-06
0.99 2.040614e-06
0.99 1.825352e-06
1.00 1.632321e-06
1.00 1.459293e-06
